[Radio-1.JPG]
filters=Border=1,1.754386,0.000000,0.000000,00000000,00ffffff,0.000000;
moddate=3d717a0ca400d001
width=555
height=506
textactive=0
