[bcg_slide-5 - Copy.jpg]
filters=radblur=1,0.479885,0.467791,-0.017544,0.000000;
moddate=2e93a553c5dccf01
width=2560
height=1600
textactive=0
[profile.jpg]
filters=crop64=1,49e047d5b87feb2a;autolight=1;crop64=1,51a04c559fdfeb2a;crop64=1,51a050809fdfbbd5;
crop=rect64(51a050809fdfbbd5)
moddate=0add0cbd22e5cf01
width=2048
height=1536
textactive=0
